function c = colorbar_BuOr()
c=[     0    0.1670    1.0000
    0.0043    0.1777    1.0000
    0.0086    0.1884    1.0000
    0.0129    0.1990    1.0000
    0.0173    0.2096    1.0000
    0.0216    0.2201    1.0000
    0.0259    0.2305    1.0000
    0.0302    0.2409    1.0000
    0.0345    0.2512    1.0000
    0.0388    0.2615    1.0000
    0.0431    0.2717    1.0000
    0.0475    0.2818    1.0000
    0.0518    0.2919    1.0000
    0.0561    0.3019    1.0000
    0.0604    0.3118    1.0000
    0.0647    0.3217    1.0000
    0.0690    0.3315    1.0000
    0.0733    0.3413    1.0000
    0.0776    0.3510    1.0000
    0.0820    0.3606    1.0000
    0.0863    0.3701    1.0000
    0.0906    0.3796    1.0000
    0.0949    0.3890    1.0000
    0.0992    0.3983    1.0000
    0.1035    0.4076    1.0000
    0.1077    0.4167    1.0000
    0.1117    0.4257    1.0000
    0.1157    0.4347    1.0000
    0.1196    0.4436    1.0000
    0.1235    0.4523    1.0000
    0.1274    0.4611    1.0000
    0.1312    0.4697    1.0000
    0.1351    0.4783    1.0000
    0.1389    0.4869    1.0000
    0.1428    0.4954    1.0000
    0.1467    0.5038    1.0000
    0.1507    0.5123    1.0000
    0.1548    0.5207    1.0000
    0.1590    0.5291    1.0000
    0.1633    0.5375    1.0000
    0.1677    0.5459    1.0000
    0.1723    0.5544    1.0000
    0.1770    0.5628    1.0000
    0.1820    0.5713    1.0000
    0.1871    0.5798    1.0000
    0.1924    0.5883    1.0000
    0.1979    0.5969    1.0000
    0.2038    0.6055    1.0000
    0.2101    0.6143    1.0000
    0.2168    0.6232    1.0000
    0.2239    0.6322    1.0000
    0.2315    0.6413    1.0000
    0.2393    0.6504    1.0000
    0.2475    0.6596    1.0000
    0.2560    0.6688    1.0000
    0.2647    0.6780    1.0000
    0.2737    0.6872    1.0000
    0.2828    0.6963    1.0000
    0.2921    0.7054    1.0000
    0.3015    0.7145    1.0000
    0.3110    0.7234    1.0000
    0.3206    0.7322    1.0000
    0.3301    0.7409    1.0000
    0.3397    0.7494    1.0000
    0.3493    0.7577    1.0000
    0.3587    0.7659    1.0000
    0.3681    0.7738    1.0000
    0.3773    0.7815    1.0000
    0.3864    0.7890    1.0000
    0.3953    0.7962    1.0000
    0.4039    0.8031    1.0000
    0.4125    0.8100    1.0000
    0.4212    0.8168    1.0000
    0.4298    0.8235    1.0000
    0.4384    0.8302    1.0000
    0.4471    0.8368    1.0000
    0.4557    0.8434    1.0000
    0.4643    0.8498    1.0000
    0.4729    0.8562    1.0000
    0.4816    0.8624    1.0000
    0.4902    0.8685    1.0000
    0.4988    0.8745    1.0000
    0.5075    0.8804    1.0000
    0.5161    0.8861    1.0000
    0.5247    0.8917    1.0000
    0.5333    0.8972    1.0000
    0.5420    0.9024    1.0000
    0.5506    0.9075    1.0000
    0.5592    0.9124    1.0000
    0.5678    0.9172    1.0000
    0.5765    0.9217    1.0000
    0.5851    0.9260    1.0000
    0.5937    0.9301    1.0000
    0.6024    0.9341    1.0000
    0.6110    0.9380    1.0000
    0.6196    0.9419    1.0000
    0.6282    0.9459    1.0000
    0.6369    0.9499    1.0000
    0.6455    0.9539    1.0000
    0.6541    0.9579    1.0000
    0.6627    0.9618    1.0000
    0.6714    0.9657    1.0000
    0.6800    0.9694    1.0000
    0.6886    0.9731    1.0000
    0.6973    0.9766    1.0000
    0.7059    0.9799    1.0000
    0.7145    0.9831    1.0000
    0.7231    0.9860    1.0000
    0.7318    0.9888    1.0000
    0.7404    0.9912    1.0000
    0.7490    0.9935    1.0000
    0.7576    0.9954    1.0000
    0.7663    0.9970    1.0000
    0.7749    0.9983    1.0000
    0.7835    0.9993    1.0000
    0.7922    0.9998    1.0000
    0.8008    1.0000    1.0000
    0.8098    1.0000    0.9991
    0.8195    1.0000    0.9969
    0.8297    1.0000    0.9934
    0.8404    1.0000    0.9886
    0.8514    1.0000    0.9828
    0.8627    1.0000    0.9760
    0.8742    1.0000    0.9683
    0.8857    1.0000    0.9598
    0.8971    1.0000    0.9505
    0.9085    1.0000    0.9407
    0.9196    1.0000    0.9303
    0.9303    1.0000    0.9196
    0.9407    1.0000    0.9085
    0.9505    1.0000    0.8971
    0.9598    1.0000    0.8857
    0.9683    1.0000    0.8742
    0.9760    1.0000    0.8627
    0.9828    1.0000    0.8514
    0.9886    1.0000    0.8404
    0.9934    1.0000    0.8297
    0.9969    1.0000    0.8195
    0.9991    1.0000    0.8098
    1.0000    1.0000    0.8008
    1.0000    0.9998    0.7922
    1.0000    0.9993    0.7835
    1.0000    0.9983    0.7749
    1.0000    0.9970    0.7663
    1.0000    0.9954    0.7576
    1.0000    0.9935    0.7490
    1.0000    0.9912    0.7404
    1.0000    0.9888    0.7318
    1.0000    0.9860    0.7231
    1.0000    0.9831    0.7145
    1.0000    0.9799    0.7059
    1.0000    0.9766    0.6973
    1.0000    0.9731    0.6886
    1.0000    0.9694    0.6800
    1.0000    0.9657    0.6714
    1.0000    0.9618    0.6627
    1.0000    0.9579    0.6541
    1.0000    0.9539    0.6455
    1.0000    0.9499    0.6369
    1.0000    0.9459    0.6282
    1.0000    0.9419    0.6196
    1.0000    0.9380    0.6110
    1.0000    0.9341    0.6024
    1.0000    0.9301    0.5937
    1.0000    0.9260    0.5851
    1.0000    0.9217    0.5765
    1.0000    0.9172    0.5678
    1.0000    0.9124    0.5592
    1.0000    0.9075    0.5506
    1.0000    0.9024    0.5420
    1.0000    0.8972    0.5333
    1.0000    0.8917    0.5247
    1.0000    0.8861    0.5161
    1.0000    0.8804    0.5075
    1.0000    0.8745    0.4988
    1.0000    0.8685    0.4902
    1.0000    0.8624    0.4816
    1.0000    0.8562    0.4729
    1.0000    0.8498    0.4643
    1.0000    0.8434    0.4557
    1.0000    0.8368    0.4471
    1.0000    0.8302    0.4384
    1.0000    0.8235    0.4298
    1.0000    0.8168    0.4212
    1.0000    0.8100    0.4125
    1.0000    0.8031    0.4039
    1.0000    0.7962    0.3953
    1.0000    0.7890    0.3864
    1.0000    0.7815    0.3773
    1.0000    0.7738    0.3681
    1.0000    0.7659    0.3587
    1.0000    0.7577    0.3493
    1.0000    0.7494    0.3397
    1.0000    0.7409    0.3301
    1.0000    0.7322    0.3206
    1.0000    0.7234    0.3110
    1.0000    0.7145    0.3015
    1.0000    0.7054    0.2921
    1.0000    0.6963    0.2828
    1.0000    0.6872    0.2737
    1.0000    0.6780    0.2647
    1.0000    0.6688    0.2560
    1.0000    0.6596    0.2475
    1.0000    0.6504    0.2393
    1.0000    0.6413    0.2315
    1.0000    0.6322    0.2239
    1.0000    0.6232    0.2168
    1.0000    0.6143    0.2101
    1.0000    0.6055    0.2038
    1.0000    0.5969    0.1979
    1.0000    0.5883    0.1924
    1.0000    0.5798    0.1871
    1.0000    0.5713    0.1820
    1.0000    0.5628    0.1770
    1.0000    0.5544    0.1723
    1.0000    0.5459    0.1677
    1.0000    0.5375    0.1633
    1.0000    0.5291    0.1590
    1.0000    0.5207    0.1548
    1.0000    0.5123    0.1507
    1.0000    0.5038    0.1467
    1.0000    0.4954    0.1428
    1.0000    0.4869    0.1389
    1.0000    0.4783    0.1351
    1.0000    0.4697    0.1312
    1.0000    0.4611    0.1274
    1.0000    0.4523    0.1235
    1.0000    0.4436    0.1196
    1.0000    0.4347    0.1157
    1.0000    0.4257    0.1117
    1.0000    0.4167    0.1077
    1.0000    0.4076    0.1035
    1.0000    0.3983    0.0992
    1.0000    0.3890    0.0949
    1.0000    0.3796    0.0906
    1.0000    0.3701    0.0863
    1.0000    0.3606    0.0820
    1.0000    0.3510    0.0776
    1.0000    0.3413    0.0733
    1.0000    0.3315    0.0690
    1.0000    0.3217    0.0647
    1.0000    0.3118    0.0604
    1.0000    0.3019    0.0561
    1.0000    0.2919    0.0518
    1.0000    0.2818    0.0475
    1.0000    0.2717    0.0431
    1.0000    0.2615    0.0388
    1.0000    0.2512    0.0345
    1.0000    0.2409    0.0302
